0 0.398611 0.474219 0.0527778 0.0234375
0 0.566667 0.485938 0.0833333 0.046875
0 0.693056 0.490625 0.0472222 0.025
0 0.529167 0.48125 0.0694444 0.025
0 0.225 0.875 0.45 0.2375
0 0.638889 0.470313 0.0388889 0.028125
0 0.458333 0.474219 0.0722222 0.0359375
0 0.633333 0.533594 0.133333 0.0765625
0 0.533333 0.513281 0.0888889 0.0609375
0 0.659722 0.625 0.119444 0.16875
0 0.394444 0.529688 0.266667 0.071875
0 0.293056 0.478125 0.075 0.034375
0 0.219444 0.480469 0.0833333 0.0390625
0 0.263889 0.742188 0.522222 0.3875
