0 0.692187 0.244444 0.0375 0.0611111
0 0.196094 0.565278 0.0359375 0.125
0 0.386719 0.123611 0.0265625 0.0472222
0 0.239063 0.161111 0.03125 0.0611111
0 0.334375 0.108333 0.028125 0.0555556
0 0.321094 0.0305556 0.0203125 0.0444444
0 0.403906 0.151389 0.0265625 0.0472222
0 0.36875 0.0861111 0.021875 0.05
0 0.292188 0.0263889 0.01875 0.0305556
0 0.435937 0.2125 0.0375 0.0694444
0 0.345313 0.259722 0.0375 0.0805556
0 0.346094 0.173611 0.0359375 0.0638889
0 0.458594 0.325 0.0515625 0.111111
0 0.279687 0.218056 0.0375 0.0583333
0 0.250781 0.344444 0.0515625 0.1
0 0.224219 0.754167 0.114063 0.258333
0 0.499219 0.648611 0.0828125 0.202778
0 0.483594 0.443056 0.0546875 0.119444
