0 0.375781 0.0763889 0.0171875 0.0305556
0 0.355469 0.0444444 0.0171875 0.0444444
0 0.367969 0.075 0.0140625 0.0333333
0 0.327344 0.0708333 0.0234375 0.0583333
0 0.288281 0.0430556 0.0203125 0.0416667
0 0.321875 0.0375 0.01875 0.0472222
0 0.385938 0.125 0.03125 0.0611111
0 0.413281 0.175 0.0328125 0.05
0 0.332031 0.0958333 0.0234375 0.0416667
0 0.432031 0.219444 0.0390625 0.0666667
0 0.2375 0.158333 0.034375 0.0611111
0 0.46875 0.301389 0.046875 0.0972222
0 0.340625 0.144444 0.028125 0.05
0 0.289062 0.148611 0.028125 0.0472222
0 0.175 0.551389 0.11875 0.225
0 0.319531 0.520833 0.0703125 0.147222
0 0.485156 0.484722 0.0609375 0.147222
0 0.344531 0.227778 0.0359375 0.0666667
