0 0.292188 0.0347222 0.01875 0.0527778
0 0.427344 0.198611 0.0515625 0.0972222
0 0.346094 0.194444 0.0296875 0.0611111
0 0.239063 0.161111 0.03125 0.0611111
0 0.342969 0.270833 0.0390625 0.0694444
0 0.455469 0.302778 0.0578125 0.111111
0 0.501562 0.684722 0.084375 0.263889
0 0.328125 0.0597222 0.025 0.0583333
0 0.292188 0.0819444 0.025 0.0527778
0 0.332031 0.366667 0.0640625 0.111111
0 0.284375 0.188889 0.034375 0.0611111
0 0.482031 0.434722 0.0546875 0.130556
0 0.253906 0.344444 0.0671875 0.133333
0 0.297656 0.548611 0.104687 0.302778
