0 0.334375 0.105556 0.021875 0.05
0 0.345313 0.0305556 0.021875 0.0444444
0 0.375 0.0986111 0.025 0.0416667
0 0.423438 0.209722 0.0375 0.0694444
0 0.332031 0.0875 0.0203125 0.0416667
0 0.336719 0.127778 0.0265625 0.05
0 0.310937 0.0513889 0.021875 0.0416667
0 0.238281 0.158333 0.0328125 0.0611111
0 0.802344 0.715278 0.270312 0.497222
0 0.346875 0.229167 0.034375 0.0916667
0 0.39375 0.130556 0.028125 0.05
0 0.483594 0.456944 0.0578125 0.163889
0 0.180469 0.580556 0.0390625 0.144444
0 0.282813 0.198611 0.03125 0.0583333
0 0.466406 0.319444 0.0703125 0.144444
0 0.297656 0.140278 0.0265625 0.0472222
0 0.267969 0.298611 0.0421875 0.0916667
0 0.233594 0.430556 0.0734375 0.133333
0 0.224219 0.790278 0.148438 0.402778
0 0.4875 0.626389 0.06875 0.186111
0 0.349219 0.343056 0.0484375 0.102778
