0 0.338281 0.190278 0.0421875 0.0638889
0 0.291406 0.0166667 0.0140625 0.0222222
0 0.3625 0.0666667 0.021875 0.0444444
0 0.332812 0.243056 0.034375 0.0694444
0 0.34375 0.0180556 0.01875 0.025
0 0.320312 0.0375 0.021875 0.0527778
0 0.395312 0.141667 0.034375 0.0555556
0 0.238281 0.159722 0.0328125 0.0638889
0 0.257031 0.347222 0.0515625 0.0944444
0 0.438281 0.234722 0.0421875 0.075
0 0.292969 0.113889 0.0296875 0.0555556
0 0.210156 0.854167 0.135937 0.286111
0 0.332812 0.325 0.053125 0.1
0 0.142188 0.666667 0.115625 0.227778
0 0.479688 0.445833 0.053125 0.119444
