0 0.439844 0.234722 0.0515625 0.0861111
0 0.401563 0.161111 0.028125 0.05
0 0.309375 0.102778 0.040625 0.05
0 0.336719 0.129167 0.0265625 0.0694444
0 0.0320312 0.898611 0.0609375 0.202778
0 0.367969 0.0944444 0.0265625 0.0611111
0 0.341406 0.156944 0.0296875 0.0638889
0 0.351562 0.0472222 0.021875 0.0555556
0 0.346094 0.222222 0.0390625 0.0722222
0 0.333594 0.105556 0.0234375 0.0444444
0 0.315625 0.0152778 0.021875 0.025
0 0.2375 0.158333 0.034375 0.0611111
0 0.296875 0.0986111 0.028125 0.0472222
0 0.482812 0.455556 0.05625 0.166667
0 0.467187 0.319444 0.06875 0.138889
0 0.294531 0.201389 0.0328125 0.0638889
0 0.254687 0.547222 0.040625 0.144444
0 0.270312 0.279167 0.0375 0.0694444
0 0.342969 0.290278 0.0390625 0.108333
0 0.232031 0.411111 0.0703125 0.144444
0 0.486719 0.627778 0.0703125 0.188889
0 0.160938 0.619444 0.109375 0.211111
0 0.328906 0.486111 0.0640625 0.155556
