0 0.29375 0.05 0.015625 0.0444444
0 0.692969 0.243056 0.0390625 0.0638889
0 0.444531 0.254167 0.0390625 0.0805556
0 0.347656 0.0236111 0.0171875 0.0305556
0 0.407031 0.1625 0.0328125 0.0472222
0 0.238281 0.1625 0.0359375 0.0638889
0 0.369531 0.0763889 0.0234375 0.0472222
0 0.294531 0.0833333 0.0234375 0.05
0 0.324219 0.0611111 0.0234375 0.0444444
0 0.3375 0.148611 0.03125 0.0527778
0 0.485938 0.444444 0.059375 0.133333
0 0.344531 0.244444 0.0390625 0.0777778
0 0.260938 0.654167 0.115625 0.369444
0 0.257812 0.369444 0.0625 0.122222
