0 0.363281 0.0666667 0.0171875 0.0333333
0 0.319531 0.025 0.0140625 0.0277778
0 0.23125 0.884722 0.128125 0.230556
0 0.384375 0.0986111 0.025 0.0416667
0 0.291406 0.0277778 0.0203125 0.0333333
0 0.238281 0.158333 0.0328125 0.0611111
0 0.423438 0.205556 0.040625 0.0722222
0 0.260938 0.336111 0.046875 0.0833333
0 0.400781 0.131944 0.0296875 0.0472222
0 0.286719 0.143056 0.0296875 0.0527778
0 0.871094 0.647222 0.123438 0.216667
0 0.346094 0.247222 0.0484375 0.116667
0 0.335938 0.147222 0.028125 0.05
0 0.463281 0.3125 0.0515625 0.108333
0 0.14375 0.65 0.11875 0.233333
0 0.489844 0.429167 0.0546875 0.125
0 0.513281 0.605556 0.0703125 0.211111
0 0.320312 0.520833 0.06875 0.147222
