0 0.361719 0.0625 0.0234375 0.0583333
0 0.342187 0.154167 0.034375 0.0638889
0 0.351562 0.0361111 0.025 0.0444444
0 0.346875 0.177778 0.03125 0.0666667
0 0.367188 0.0708333 0.021875 0.0416667
0 0.348437 0.330556 0.046875 0.111111
0 0.338281 0.133333 0.0296875 0.05
0 0.421875 0.2125 0.040625 0.0638889
0 0.329688 0.0888889 0.025 0.0555556
0 0.319531 0.0236111 0.0203125 0.0416667
0 0.324219 0.465278 0.0578125 0.269444
0 0.398438 0.136111 0.040625 0.0722222
0 0.350781 0.226389 0.0359375 0.0638889
0 0.492969 0.773611 0.0921875 0.241667
0 0.238281 0.158333 0.0328125 0.0611111
0 0.292188 0.123611 0.028125 0.0583333
0 0.291406 0.0319444 0.0203125 0.0361111
0 0.0960938 0.761111 0.139062 0.266667
0 0.267969 0.320833 0.0453125 0.0861111
0 0.442187 0.2875 0.053125 0.102778
0 0.264844 0.809722 0.120312 0.280556
