0 0.330469 0.0777778 0.0234375 0.0444444
0 0.319531 0.0194444 0.0171875 0.0277778
0 0.323438 0.509722 0.059375 0.125
0 0.348437 0.0291667 0.021875 0.0416667
0 0.397656 0.126389 0.0296875 0.0472222
0 0.340625 0.106944 0.025 0.0527778
0 0.292969 0.0402778 0.0234375 0.0527778
0 0.376563 0.0986111 0.025 0.0361111
0 0.285937 0.133333 0.034375 0.0555556
0 0.442187 0.25 0.040625 0.0666667
0 0.341406 0.1625 0.0296875 0.0583333
0 0.35 0.25 0.034375 0.0777778
0 0.238281 0.158333 0.0328125 0.0611111
0 0.416406 0.176389 0.0328125 0.0527778
0 0.245312 0.730556 0.11875 0.288889
0 0.476562 0.390278 0.0625 0.169444
0 0.275781 0.248611 0.0546875 0.113889
