0 0.292969 0.0583333 0.0203125 0.05
0 0.317969 0.025 0.0171875 0.0333333
0 0.360156 0.0430556 0.0203125 0.0472222
0 0.329688 0.0597222 0.021875 0.0472222
0 0.374219 0.0972222 0.0296875 0.0444444
0 0.450781 0.266667 0.0453125 0.0888889
0 0.397656 0.147222 0.0328125 0.05
0 0.292969 0.109722 0.0296875 0.0527778
0 0.239063 0.158333 0.034375 0.0611111
0 0.332031 0.105556 0.0234375 0.05
0 0.261719 0.338889 0.0515625 0.0888889
0 0.301562 0.498611 0.075 0.158333
0 0.480469 0.495833 0.0578125 0.152778
0 0.335156 0.169444 0.0359375 0.0611111
0 0.341406 0.259722 0.0390625 0.075
0 0.282031 0.241667 0.0390625 0.0666667
0 0.239844 0.765278 0.117188 0.280556
