0 0.327344 0.0763889 0.0234375 0.075
0 0.457812 0.279167 0.075 0.180556
0 0.345313 0.188889 0.03125 0.0666667
0 0.332031 0.0986111 0.0203125 0.0472222
0 0.3375 0.144444 0.03125 0.0555556
0 0.359375 0.0472222 0.025 0.0444444
0 0.398438 0.159722 0.03125 0.0583333
0 0.292188 0.0375 0.01875 0.0527778
0 0.384375 0.118056 0.021875 0.0472222
0 0.323438 0.0472222 0.025 0.0666667
0 0.352344 0.244444 0.0390625 0.0722222
0 0.239063 0.159722 0.034375 0.0638889
0 0.285156 0.168056 0.0328125 0.0583333
0 0.292969 0.0930556 0.0265625 0.0527778
0 0.346094 0.325 0.0421875 0.0944444
0 0.439844 0.244444 0.0609375 0.116667
0 0.271094 0.304167 0.0546875 0.0972222
0 0.482031 0.525 0.0609375 0.172222
0 0.478125 0.361111 0.059375 0.111111
0 0.313281 0.6 0.0765625 0.2
