0 0.690625 0.247222 0.040625 0.0666667
0 0.353906 0.0486111 0.0296875 0.0472222
0 0.349219 0.0361111 0.0234375 0.0388889
0 0.291406 0.0902778 0.0234375 0.0472222
0 0.321094 0.0458333 0.0203125 0.0527778
0 0.360938 0.0625 0.025 0.0361111
0 0.292969 0.0277778 0.0171875 0.0388889
0 0.448438 0.261111 0.040625 0.0833333
0 0.332812 0.156944 0.03125 0.0583333
0 0.290625 0.141667 0.028125 0.0555556
0 0.342187 0.201389 0.0375 0.0638889
0 0.328906 0.0972222 0.0234375 0.0444444
0 0.394531 0.130556 0.0296875 0.0444444
0 0.238281 0.158333 0.0328125 0.0611111
0 0.158594 0.525 0.195312 0.383333
