0 0.297656 0.0805556 0.0171875 0.0444444
0 0.310937 0.130556 0.053125 0.0666667
0 0.292188 0.0583333 0.021875 0.0388889
0 0.238281 0.158333 0.0359375 0.0611111
0 0.327344 0.0611111 0.0203125 0.0388889
0 0.08125 0.798611 0.1625 0.402778
0 0.332812 0.111111 0.028125 0.0555556
0 0.394531 0.1125 0.0421875 0.075
0 0.502344 0.615278 0.0703125 0.219444
0 0.342187 0.230556 0.046875 0.111111
0 0.464063 0.311111 0.046875 0.0944444
0 0.417188 0.186111 0.040625 0.0722222
0 0.230469 0.455556 0.0796875 0.155556
0 0.264844 0.7125 0.0984375 0.225
0 0.317187 0.4625 0.090625 0.269444
0 0.292969 0.138889 0.0328125 0.0611111
