0 0.396918 0.479614 0.0577257 0.0236816
0 0.540148 0.517334 0.0716146 0.0571289
0 0.115017 0.470703 0.0520833 0.0307617
0 0.635634 0.532593 0.128038 0.0744629
0 0.218316 0.87561 0.436632 0.233643
0 0.63737 0.471069 0.0403646 0.0300293
0 0.455512 0.477539 0.062934 0.034668
0 0.527995 0.484131 0.0742188 0.0258789
0 0.65842 0.626465 0.112847 0.16748
0 0.292535 0.477417 0.0729167 0.0349121
0 0.39388 0.529785 0.272135 0.0664062
0 0.22092 0.480347 0.0815972 0.0407715
0 0.260634 0.738647 0.515191 0.376709
