0 0.177734 0.619141 0.117188 0.0690104
0 0.691081 0.567708 0.207682 0.0865885
0 0.240397 0.572103 0.101237 0.0621745
0 0.974609 0.484701 0.0507812 0.046875
0 0.923503 0.815104 0.152995 0.28125
0 0.644694 0.50179 0.0582682 0.0354818
0 0.921549 0.492839 0.120443 0.0455729
0 0.728516 0.492513 0.0865885 0.0410156
0 0.618815 0.602376 0.108073 0.0999349
0 0.823893 0.496094 0.0963542 0.0429688
0 0.498372 0.505859 0.227214 0.0983073
0 0.537598 0.820638 0.50944 0.358724
0 0.338053 0.619629 0.112305 0.0686849
0 0.492676 0.606283 0.188477 0.120768
0 0.118978 0.621908 0.237956 0.0927734
0 0.861654 0.582357 0.264974 0.122396
