0 0.69401 0.247222 0.0432292 0.062963
0 0.326823 0.062963 0.0234375 0.0592593
0 0.457292 0.279167 0.071875 0.176852
0 0.34349 0.17037 0.0317708 0.0722222
0 0.338021 0.144444 0.03125 0.0555556
0 0.33151 0.0986111 0.0203125 0.0472222
0 0.359896 0.0481481 0.0229167 0.0407407
0 0.292188 0.037037 0.01875 0.05
0 0.398958 0.157407 0.0291667 0.0574074
0 0.323438 0.0439815 0.0239583 0.0638889
0 0.351823 0.24537 0.0401042 0.0703704
0 0.239063 0.160648 0.0333333 0.062037
0 0.285677 0.168056 0.0338542 0.0583333
0 0.384375 0.116667 0.0208333 0.0481481
0 0.292708 0.0930556 0.0270833 0.0527778
0 0.346875 0.325 0.0427083 0.0944444
0 0.441406 0.246296 0.0578125 0.111111
0 0.272135 0.306019 0.0546875 0.0898148
0 0.482031 0.523611 0.0609375 0.175
0 0.478385 0.360648 0.0598958 0.112037
0 0.313542 0.600926 0.0760417 0.198148
