0 0.692708 0.245833 0.0385417 0.0657407
0 0.319271 0.0351852 0.0239583 0.05
0 0.358854 0.0537037 0.0208333 0.0351852
0 0.803125 0.725926 0.130208 0.235185
0 0.291667 0.0930556 0.0260417 0.0435185
0 0.326562 0.0740741 0.0239583 0.0407407
0 0.238802 0.162037 0.0338542 0.0666667
0 0.276042 0.234722 0.0364583 0.062037
0 0.340625 0.206944 0.0333333 0.075
0 0.396875 0.156481 0.0322917 0.0462963
0 0.215104 0.798148 0.173958 0.401852
0 0.302083 0.519444 0.0833333 0.162963
0 0.180469 0.548148 0.0994792 0.17963
