0 0.239063 0.161111 0.0302083 0.0555556
0 0.290625 0.0199074 0.0125 0.0287037
0 0.427344 0.216667 0.0348958 0.062963
0 0.325521 0.0462963 0.01875 0.037037
0 0.354427 0.0560185 0.0213542 0.0398148
0 0.403385 0.1625 0.0296875 0.0564815
0 0.444792 0.256944 0.0458333 0.075
0 0.80599 0.67963 0.131771 0.292593
0 0.385938 0.101852 0.025 0.0462963
0 0.346094 0.267593 0.0390625 0.0796296
0 0.496875 0.686574 0.0885417 0.25463
0 0.466146 0.338426 0.0489583 0.0916667
0 0.235677 0.64537 0.178646 0.538889
0 0.486719 0.460648 0.0598958 0.136111
