0 0.334375 0.0949074 0.0229167 0.0435185
0 0.37526 0.106944 0.0359375 0.0509259
0 0.291927 0.133333 0.0286458 0.0722222
0 0.254687 0.160185 0.0520833 0.0666667
0 0.329948 0.0787037 0.0171875 0.037037
0 0.316927 0.210648 0.0171875 0.062037
0 0.22526 0.453704 0.0234375 0.103704
0 0.364323 0.0805556 0.0203125 0.0351852
0 0.334896 0.1125 0.0260417 0.0527778
0 0.317708 0.0319444 0.015625 0.0416667
0 0.238021 0.159722 0.034375 0.0601852
0 0.285156 0.161111 0.0286458 0.0462963
0 0.34349 0.205556 0.0359375 0.0796296
0 0.260156 0.353241 0.0578125 0.0916667
0 0.483594 0.455556 0.0578125 0.164815
0 0.383333 0.109259 0.0197917 0.0407407
0 0.297135 0.111574 0.0255208 0.0490741
0 0.351562 0.28287 0.040625 0.075
0 0.467708 0.323148 0.06875 0.138889
0 0.277865 0.237037 0.0411458 0.0777778
0 0.416146 0.184722 0.0364583 0.0583333
0 0.117188 0.699537 0.14375 0.243519
0 0.486198 0.627315 0.0703125 0.187963
0 0.882031 0.521759 0.196354 0.302778
0 0.295052 0.540278 0.103646 0.278704
