0 0.779688 0.67963 0.440625 0.605556
0 0.314844 0.127315 0.0515625 0.0657407
0 0.297135 0.0777778 0.0161458 0.0425926
0 0.228385 0.119444 0.0609375 0.109259
0 0.238281 0.157407 0.0411458 0.0648148
0 0.292188 0.0601852 0.0208333 0.037037
0 0.0809896 0.795833 0.161979 0.408333
0 0.327865 0.0611111 0.0203125 0.0351852
0 0.502865 0.616667 0.0692708 0.216667
0 0.332812 0.110648 0.028125 0.0564815
0 0.342187 0.230556 0.046875 0.107407
0 0.464844 0.3125 0.0463542 0.0935185
0 0.39375 0.112037 0.040625 0.0722222
0 0.417188 0.186574 0.0395833 0.0712963
0 0.229687 0.45463 0.078125 0.153704
0 0.317708 0.461574 0.090625 0.269444
0 0.264062 0.7125 0.096875 0.223148
0 0.292969 0.139352 0.0328125 0.062037
