0 0.325521 0.0462963 0.0229167 0.05
0 0.783594 0.698148 0.432813 0.603704
0 0.691927 0.249537 0.0421875 0.0657407
0 0.325781 0.0657407 0.0244792 0.0537037
0 0.327604 0.0916667 0.0270833 0.0555556
0 0.320312 0.0263889 0.0197917 0.0398148
0 0.34974 0.0291667 0.0192708 0.037963
0 0.239583 0.159259 0.0364583 0.0574074
0 0.373437 0.0833333 0.0270833 0.0425926
0 0.421094 0.185185 0.0380208 0.0592593
0 0.334375 0.122222 0.0291667 0.0518519
0 0.291406 0.0930556 0.0286458 0.0583333
0 0.260417 0.281019 0.0916667 0.217593
0 0.491927 0.557407 0.0744792 0.172222
