0 0.692448 0.249074 0.0442708 0.0648148
0 0.384635 0.136111 0.0265625 0.0555556
0 0.239063 0.160185 0.0354167 0.0555556
0 0.41849 0.201389 0.0348958 0.0564815
0 0.369792 0.0884259 0.0208333 0.0509259
0 0.348437 0.0324074 0.021875 0.0407407
0 0.320573 0.0375 0.0192708 0.0453704
0 0.459896 0.312037 0.053125 0.087037
0 0.278125 0.258796 0.0395833 0.0712963
0 0.291927 0.0490741 0.0276042 0.05
0 0.333073 0.124074 0.0536458 0.12037
0 0.488802 0.514352 0.0911458 0.221296
0 0.343229 0.289815 0.0395833 0.0777778
0 0.238542 0.847222 0.125 0.290741
0 0.31901 0.476852 0.0630208 0.140741
0 0.211979 0.486111 0.0770833 0.168519
0 0.0940104 0.796296 0.154687 0.307407
