0 0.329167 0.025 0.0270833 0.0314815
0 0.366927 0.0583333 0.0255208 0.0574074
0 0.317708 0.025463 0.0166667 0.0361111
0 0.692448 0.246759 0.0401042 0.0638889
0 0.358333 0.0375 0.0208333 0.0398148
0 0.292188 0.0310185 0.0177083 0.0416667
0 0.238802 0.1625 0.0390625 0.0638889
0 0.372396 0.0712963 0.0239583 0.0444444
0 0.292448 0.0930556 0.0265625 0.0472222
0 0.490104 0.531018 0.0614583 0.152778
0 0.328646 0.0712963 0.0270833 0.0574074
0 0.296354 0.519444 0.08125 0.155556
0 0.274479 0.269444 0.05 0.137037
