0 0.400521 0.164352 0.0375 0.0638889
0 0.476042 0.394907 0.0572917 0.175
0 0.395833 0.143981 0.0260417 0.0583333
0 0.692708 0.244444 0.0395833 0.0685185
0 0.450781 0.255093 0.0380208 0.0675926
0 0.425781 0.221759 0.0276042 0.0712963
0 0.347396 0.0314815 0.01875 0.0425926
0 0.363542 0.0694444 0.0208333 0.0425926
0 0.320312 0.025 0.0229167 0.0407407
0 0.241146 0.158333 0.0395833 0.0592593
0 0.469271 0.331481 0.059375 0.103704
0 0.341146 0.181019 0.0333333 0.0601852
0 0.26901 0.662037 0.100521 0.262963
0 0.480208 0.444907 0.0541667 0.123148
0 0.495313 0.697222 0.0833333 0.216667
0 0.340625 0.308796 0.0489583 0.0861111
0 0.147135 0.604167 0.122396 0.241667
