0 0.388281 0.122222 0.0348958 0.062963
0 0.69349 0.246296 0.0401042 0.0666667
0 0.382812 0.105556 0.0208333 0.0462963
0 0.342448 0.153704 0.0348958 0.0648148
0 0.346615 0.177778 0.0307292 0.062963
0 0.350781 0.0347222 0.0244792 0.0435185
0 0.348437 0.330093 0.046875 0.108333
0 0.421615 0.211111 0.0401042 0.0611111
0 0.366667 0.0717593 0.0208333 0.0435185
0 0.338542 0.133796 0.0302083 0.0490741
0 0.324479 0.470833 0.0583333 0.260185
0 0.329688 0.0861111 0.025 0.0555556
0 0.320052 0.0231481 0.0234375 0.0407407
0 0.238542 0.158333 0.034375 0.0611111
0 0.492708 0.771296 0.0916667 0.25
0 0.292188 0.123611 0.0270833 0.062037
0 0.350781 0.227778 0.0348958 0.0648148
0 0.39974 0.138426 0.0380208 0.0694444
0 0.291667 0.0305556 0.0208333 0.037037
0 0.26875 0.319444 0.0489583 0.0888889
0 0.442448 0.289352 0.0526042 0.0953704
0 0.0945313 0.764815 0.142188 0.257407
0 0.264583 0.812037 0.119792 0.27963
