0 0.292708 0.0314815 0.0177083 0.0388889
0 0.388281 0.11713 0.0286458 0.0490741
0 0.40026 0.131944 0.0359375 0.0564815
0 0.69401 0.246759 0.0432292 0.0638889
0 0.315365 0.0231481 0.0161458 0.0351852
0 0.428385 0.231019 0.0484375 0.087963
0 0.36875 0.0805556 0.0239583 0.0518519
0 0.377865 0.0981481 0.0244792 0.0444444
0 0.296615 0.0671296 0.0234375 0.0435185
0 0.28724 0.125926 0.0317708 0.0537037
0 0.419271 0.208333 0.0447917 0.0759259
0 0.457031 0.321296 0.0515625 0.0814815
0 0.238542 0.158333 0.0333333 0.0592593
0 0.404687 0.15 0.0416667 0.062963
0 0.285937 0.216204 0.0354167 0.0638889
0 0.346875 0.172222 0.03125 0.0592593
0 0.346094 0.303704 0.0442708 0.0925926
0 0.267969 0.67037 0.108854 0.259259
0 0.331771 0.0907407 0.0333333 0.0851852
0 0.490104 0.456944 0.075 0.20463
