0 0.292969 0.0606481 0.0203125 0.0453704
0 0.692708 0.248611 0.0427083 0.0657407
0 0.317708 0.025 0.0166667 0.0333333
0 0.360156 0.0444444 0.0192708 0.0444444
0 0.329688 0.0601852 0.0208333 0.0425926
0 0.450521 0.267593 0.0447917 0.0888889
0 0.238802 0.158333 0.0348958 0.0592593
0 0.37526 0.0967593 0.0286458 0.0416667
0 0.397396 0.148148 0.03125 0.0518519
0 0.292969 0.109259 0.0286458 0.0555556
0 0.33151 0.105556 0.0244792 0.0481481
0 0.261458 0.338426 0.0520833 0.0898148
0 0.341146 0.260648 0.0395833 0.075
0 0.335417 0.169444 0.0354167 0.0611111
0 0.302083 0.498148 0.0739583 0.157407
0 0.282813 0.242593 0.0385417 0.0666667
0 0.480729 0.496759 0.059375 0.15463
0 0.23776 0.76713 0.118229 0.278704
