0 0.328385 0.0407407 0.0171875 0.0462963
0 0.292448 0.0680556 0.0213542 0.0490741
0 0.325 0.0305556 0.0177083 0.0351852
0 0.0627604 0.765741 0.121354 0.431481
0 0.315365 0.0166667 0.0140625 0.0259259
0 0.239063 0.158333 0.0364583 0.0648148
0 0.347396 0.22037 0.0333333 0.0703704
0 0.275781 0.234722 0.0369792 0.0675926
0 0.342708 0.293056 0.040625 0.0694444
0 0.428646 0.197222 0.0541667 0.111111
0 0.292188 0.124074 0.0291667 0.0537037
0 0.329948 0.0833333 0.0286458 0.0648148
0 0.460417 0.325 0.0572917 0.127778
0 0.328125 0.386574 0.0697917 0.143519
0 0.848437 0.65 0.125 0.198148
0 0.501562 0.689352 0.0864583 0.271296
0 0.482292 0.453704 0.05625 0.137037
0 0.220313 0.428241 0.090625 0.160185
0 0.272656 0.637963 0.121354 0.355556
