0 0.347135 0.0194444 0.0213542 0.0296296
0 0.691927 0.246759 0.0380208 0.0675926
0 0.32474 0.0680556 0.0265625 0.0472222
0 0.36224 0.0509259 0.0234375 0.0444444
0 0.333333 0.108333 0.028125 0.0555556
0 0.322656 0.0458333 0.0213542 0.0546296
0 0.329167 0.0828704 0.0260417 0.0490741
0 0.33724 0.130556 0.0307292 0.0611111
0 0.448177 0.294444 0.0453125 0.087037
0 0.29349 0.0388889 0.0192708 0.0462963
0 0.346615 0.188889 0.0307292 0.0648148
0 0.238542 0.157407 0.034375 0.062963
0 0.290365 0.103704 0.0276042 0.0518519
0 0.409115 0.1875 0.0380208 0.0731481
0 0.23151 0.869907 0.125521 0.234259
0 0.377083 0.0800926 0.0291667 0.0546296
0 0.389583 0.126852 0.0302083 0.0481481
0 0.338542 0.29537 0.0416667 0.109259
0 0.25 0.330556 0.0510417 0.0962963
0 0.484896 0.426389 0.0541667 0.128704
0 0.339323 0.405093 0.0494792 0.121296
0 0.138281 0.65787 0.123438 0.206481
0 0.321875 0.558796 0.0760417 0.162037
