0 0.29349 0.0671296 0.0203125 0.0435185
0 0.320833 0.0435185 0.015625 0.0425926
0 0.94349 0.481481 0.0828125 0.114815
0 0.295833 0.0986111 0.021875 0.0435185
0 0.334896 0.138889 0.028125 0.0518519
0 0.330208 0.0837963 0.0208333 0.0453704
0 0.396094 0.144907 0.0244792 0.0472222
0 0.239323 0.156019 0.0348958 0.0638889
0 0.373958 0.0939815 0.0302083 0.0472222
0 0.445052 0.243519 0.0463542 0.0888889
0 0.341406 0.264352 0.0453125 0.0935185
0 0.473698 0.384259 0.0473958 0.107407
0 0.295573 0.147222 0.0307292 0.05
0 0.27526 0.262963 0.0453125 0.105556
0 0.420573 0.185185 0.0348958 0.0685185
0 0.492188 0.548611 0.065625 0.158333
0 0.484375 0.788889 0.0916667 0.264815
0 0.302865 0.514352 0.107813 0.365741
0 0.153385 0.650463 0.130729 0.286111
