0 0.323177 0.0717593 0.0223958 0.0361111
0 0.330729 0.0856481 0.034375 0.0527778
0 0.342448 0.0189815 0.0192708 0.0305556
0 0.339583 0.160648 0.04375 0.0694444
0 0.238542 0.159722 0.0333333 0.0564815
0 0.45026 0.286574 0.0453125 0.0768519
0 0.338021 0.111574 0.0416667 0.0657407
0 0.4125 0.171296 0.03125 0.0518519
0 0.359635 0.0439815 0.0203125 0.0361111
0 0.384115 0.10787 0.0255208 0.0416667
0 0.430469 0.226852 0.0390625 0.0666667
0 0.473698 0.359259 0.0536458 0.101852
0 0.34401 0.375 0.0494792 0.0962963
0 0.489844 0.55 0.0671875 0.161111
0 0.176823 0.566667 0.0994792 0.175926
