0 0.328385 0.0583333 0.0151042 0.0351852
0 0.26849 0.431944 0.0265625 0.100926
0 0.0557292 0.785185 0.110417 0.42963
0 0.329427 0.0717593 0.0192708 0.0564815
0 0.317448 0.024537 0.0151042 0.037963
0 0.292188 0.0939815 0.0270833 0.0490741
0 0.348437 0.231481 0.0354167 0.0685185
0 0.239323 0.160648 0.0348958 0.0564815
0 0.342708 0.302315 0.040625 0.087963
0 0.333073 0.105556 0.0296875 0.0703704
0 0.464323 0.336111 0.0557292 0.133333
0 0.269531 0.280093 0.0432292 0.075
0 0.291146 0.154167 0.034375 0.0564815
0 0.433073 0.212963 0.0567708 0.105556
0 0.503125 0.714815 0.0854167 0.27963
0 0.193229 0.505093 0.103125 0.186111
0 0.320052 0.432407 0.0703125 0.162963
0 0.483333 0.471296 0.0572917 0.138889
0 0.241406 0.746296 0.148438 0.433333
