0 0.319531 0.0259259 0.0182292 0.0296296
0 0.302083 0.169907 0.0489583 0.075
0 0.0440104 0.674537 0.0880208 0.191667
0 0.291667 0.14537 0.0260417 0.062963
0 0.374219 0.0824074 0.0265625 0.037037
0 0.328125 0.0643518 0.0229167 0.0453704
0 0.293229 0.0324074 0.0208333 0.0462963
0 0.292448 0.0912037 0.0265625 0.0546296
0 0.335156 0.105093 0.0244792 0.0472222
0 0.422917 0.210185 0.0395833 0.0666667
0 0.238021 0.160185 0.034375 0.0611111
0 0.396094 0.143056 0.0276042 0.0527778
0 0.28776 0.190741 0.0390625 0.0685185
0 0.822656 0.602778 0.183854 0.4
0 0.3375 0.170833 0.0322917 0.062037
0 0.469271 0.355093 0.05 0.108333
0 0.244792 0.399537 0.05625 0.113889
0 0.486198 0.597685 0.0713542 0.187963
0 0.339844 0.281481 0.0432292 0.0851852
0 0.161198 0.61713 0.0973958 0.158333
0 0.303646 0.516667 0.0760417 0.15
