0 0.29349 0.0518519 0.0171875 0.0444444
0 0.692448 0.243981 0.0390625 0.0675926
0 0.443229 0.254167 0.040625 0.0731481
0 0.347917 0.0240741 0.0177083 0.0314815
0 0.238802 0.161574 0.0369792 0.062037
0 0.36901 0.0787037 0.0234375 0.0444444
0 0.407292 0.1625 0.0333333 0.0472222
0 0.294531 0.0837963 0.0234375 0.0490741
0 0.324479 0.0601852 0.0229167 0.0444444
0 0.33776 0.15 0.0317708 0.0518519
0 0.485938 0.444444 0.0583333 0.127778
0 0.344531 0.244907 0.0401042 0.0768519
0 0.261979 0.654167 0.114583 0.373148
0 0.257292 0.368519 0.0635417 0.122222
