0 0.361719 0.0625 0.0171875 0.037963
0 0.692708 0.24537 0.0395833 0.0666667
0 0.355208 0.0435185 0.01875 0.0462963
0 0.376563 0.0777778 0.0177083 0.0277778
0 0.36875 0.0763889 0.0166667 0.0324074
0 0.327865 0.0712963 0.0234375 0.0574074
0 0.288802 0.0425926 0.0213542 0.0425926
0 0.385938 0.125 0.0302083 0.0611111
0 0.413281 0.173611 0.0328125 0.0509259
0 0.321875 0.037963 0.0197917 0.0462963
0 0.23776 0.160185 0.0348958 0.0592593
0 0.332031 0.0949074 0.0244792 0.0416667
0 0.432031 0.219907 0.0401042 0.0657407
0 0.469271 0.301389 0.046875 0.0953704
0 0.289062 0.15 0.0291667 0.0462963
0 0.340625 0.143519 0.028125 0.05
0 0.176042 0.550926 0.117708 0.22037
0 0.344792 0.226852 0.0364583 0.0685185
0 0.485677 0.483796 0.0619792 0.14537
0 0.31875 0.52037 0.0697917 0.146296
