0 0.353125 0.0273148 0.015625 0.0287037
0 0.692708 0.245833 0.0395833 0.0675926
0 0.196354 0.565741 0.0354167 0.127778
0 0.239063 0.158333 0.0333333 0.0574074
0 0.386458 0.122685 0.0270833 0.0453704
0 0.335156 0.108796 0.0286458 0.0546296
0 0.321354 0.0310185 0.0197917 0.0435185
0 0.291927 0.025463 0.0192708 0.0324074
0 0.36875 0.0856481 0.021875 0.0490741
0 0.404427 0.151852 0.0286458 0.0481481
0 0.436198 0.213426 0.0390625 0.0694444
0 0.345573 0.260185 0.0369792 0.0777778
0 0.459375 0.323611 0.0510417 0.110185
0 0.279167 0.218519 0.0375 0.0574074
0 0.346094 0.175 0.0359375 0.0648148
0 0.250521 0.345833 0.0520833 0.0990741
0 0.499479 0.648148 0.08125 0.201852
0 0.484375 0.443056 0.0552083 0.121296
0 0.224219 0.752778 0.113021 0.259259
