0 0.325781 0.037037 0.0223958 0.0462963
0 0.222656 0.836111 0.119271 0.311111
0 0.289062 0.155556 0.03125 0.0444444
0 0.691927 0.242593 0.0411458 0.0703704
0 0.239063 0.156944 0.034375 0.062037
0 0.428906 0.227778 0.0411458 0.0740741
0 0.0658854 0.825926 0.125521 0.348148
0 0.33099 0.0888889 0.0244792 0.05
0 0.282292 0.205556 0.0427083 0.0666667
0 0.342969 0.14537 0.0265625 0.0462963
0 0.264583 0.293519 0.0625 0.142593
0 0.395833 0.143056 0.0364583 0.0694444
0 0.465625 0.396296 0.05 0.0981481
0 0.186198 0.516204 0.129688 0.182407
0 0.33151 0.42037 0.0588542 0.114815
