0 0.928125 0.755093 0.0166667 0.0416667
0 0.334375 0.10463 0.0229167 0.05
0 0.345573 0.0305556 0.0213542 0.0407407
0 0.374479 0.0981481 0.0239583 0.0407407
0 0.331771 0.0902778 0.0208333 0.0398148
0 0.336719 0.126389 0.0255208 0.0490741
0 0.42474 0.210648 0.0380208 0.0657407
0 0.238542 0.15787 0.0333333 0.062037
0 0.310417 0.050463 0.0208333 0.0416667
0 0.392969 0.131481 0.0265625 0.0481481
0 0.0570313 0.776389 0.109896 0.436111
0 0.346354 0.22963 0.034375 0.0888889
0 0.800781 0.709259 0.268229 0.498148
0 0.483333 0.458333 0.0572917 0.159259
0 0.179688 0.580556 0.0375 0.140741
0 0.282031 0.197222 0.0296875 0.0592593
0 0.467448 0.323611 0.0692708 0.137963
0 0.297135 0.140278 0.0265625 0.0472222
0 0.267969 0.298611 0.0442708 0.0898148
0 0.223958 0.79213 0.145833 0.402778
0 0.233854 0.429167 0.075 0.134259
0 0.486979 0.627778 0.0677083 0.183333
0 0.349219 0.342593 0.0463542 0.0981481
