0 0.363021 0.0662037 0.01875 0.0342593
0 0.31875 0.024537 0.0145833 0.0287037
0 0.232552 0.885185 0.130729 0.22963
0 0.383594 0.0986111 0.0244792 0.0398148
0 0.238802 0.158796 0.0338542 0.0601852
0 0.291146 0.0273148 0.0208333 0.0324074
0 0.422917 0.206944 0.0385417 0.0675926
0 0.261458 0.337037 0.0447917 0.0814815
0 0.28724 0.141667 0.0296875 0.0518519
0 0.398958 0.135185 0.0291667 0.0481481
0 0.336979 0.148148 0.028125 0.0481481
0 0.870052 0.64537 0.123438 0.216667
0 0.464063 0.313426 0.0510417 0.106481
0 0.347135 0.243981 0.0505208 0.125
0 0.490104 0.428704 0.05625 0.124074
0 0.320573 0.522222 0.0692708 0.146296
0 0.142969 0.650463 0.119271 0.226852
0 0.513021 0.606481 0.0708333 0.212963
