0 0.690625 0.246759 0.040625 0.0638889
0 0.365365 0.0685185 0.0234375 0.0462963
0 0.360938 0.0574074 0.0208333 0.0425926
0 0.321875 0.0282407 0.0177083 0.0324074
0 0.238021 0.158333 0.0333333 0.0574074
0 0.384635 0.118519 0.0276042 0.0537037
0 0.292969 0.0277778 0.0171875 0.037037
0 0.327083 0.0740741 0.0239583 0.0444444
0 0.373177 0.0935185 0.0286458 0.0444444
0 0.302865 0.471759 0.108854 0.386111
0 0.397656 0.160648 0.0338542 0.0490741
0 0.330208 0.121759 0.025 0.0490741
0 0.344271 0.206944 0.034375 0.0657407
0 0.196354 0.497685 0.0770833 0.150926
0 0.291667 0.0907407 0.0291667 0.062963
0 0.479167 0.418519 0.0552083 0.112963
0 0.285677 0.20463 0.0546875 0.109259
0 0.134635 0.688889 0.120312 0.255556
