0 0.317708 0.0856481 0.025 0.0342593
0 0.365104 0.075463 0.0229167 0.0509259
0 0.352865 0.0273148 0.0171875 0.0287037
0 0.692448 0.245833 0.0390625 0.0675926
0 0.315625 0.0185185 0.015625 0.0314815
0 0.325521 0.0407407 0.0208333 0.0481481
0 0.310677 0.0930556 0.0140625 0.0361111
0 0.388802 0.124074 0.0234375 0.0481481
0 0.359635 0.0652778 0.0244792 0.0453704
0 0.376042 0.101852 0.0260417 0.0425926
0 0.289323 0.111574 0.0265625 0.0453704
0 0.329688 0.0824074 0.0208333 0.0407407
0 0.23776 0.159722 0.0348958 0.0601852
0 0.433333 0.233333 0.04375 0.0740741
0 0.284896 0.235185 0.0427083 0.0925926
0 0.485938 0.462037 0.0572917 0.131481
0 0.467708 0.328241 0.0458333 0.0935185
0 0.408073 0.155093 0.0338542 0.0583333
0 0.332292 0.161574 0.0291667 0.0490741
0 0.178646 0.558333 0.09375 0.175926
0 0.244531 0.715741 0.113021 0.283333
