0 0.254427 0.173611 0.0546875 0.0675926
0 0.0648438 0.755556 0.125521 0.47037
0 0.292708 0.0347222 0.01875 0.0509259
0 0.238281 0.158796 0.0328125 0.0601852
0 0.425781 0.187963 0.0536458 0.109259
0 0.345573 0.193981 0.0296875 0.0638889
0 0.342708 0.270833 0.0375 0.0675926
0 0.455729 0.303704 0.05625 0.111111
0 0.501562 0.683333 0.084375 0.264815
0 0.327865 0.0597222 0.0244792 0.0564815
0 0.332292 0.365741 0.0635417 0.107407
0 0.292448 0.0828704 0.0265625 0.0509259
0 0.284375 0.187963 0.0333333 0.0574074
0 0.480469 0.431944 0.0557292 0.134259
0 0.253646 0.344444 0.0677083 0.137037
0 0.297656 0.547685 0.103646 0.302778
