0 0.0773437 0.771759 0.151562 0.456481
0 0.688802 0.248148 0.0380208 0.0648148
0 0.363281 0.049537 0.0192708 0.0435185
0 0.326042 0.0592593 0.0229167 0.0333333
0 0.336198 0.114352 0.0265625 0.0472222
0 0.292969 0.106944 0.0276042 0.0546296
0 0.240625 0.15787 0.0322917 0.0583333
0 0.344792 0.168981 0.025 0.0527778
0 0.488021 0.510185 0.0645833 0.17037
0 0.40026 0.131944 0.0286458 0.0435185
0 0.46224 0.294444 0.0411458 0.087037
0 0.290625 0.190278 0.0322917 0.0583333
0 0.223698 0.41713 0.0838542 0.167593
0 0.301823 0.534722 0.0796875 0.173148
