0 0.236198 0.156944 0.0380208 0.0638889
0 0.834896 0.716204 0.129167 0.256481
0 0.319792 0.0319444 0.0166667 0.0453704
0 0.292708 0.0277778 0.0145833 0.0333333
0 0.435677 0.233796 0.0401042 0.075
0 0.323698 0.0587963 0.0234375 0.0435185
0 0.370833 0.0578704 0.03125 0.0509259
0 0.335677 0.138426 0.0359375 0.0675926
0 0.395312 0.124074 0.0333333 0.0592593
0 0.282552 0.294907 0.0432292 0.0824074
0 0.29349 0.0833333 0.0255208 0.05
0 0.333333 0.347222 0.0625 0.190741
0 0.28724 0.57963 0.0817708 0.214815
0 0.0992187 0.730093 0.198437 0.536111
