0 0.260156 0.0930556 0.0161458 0.037963
0 0.353125 0.106481 0.0510417 0.0962963
0 0.522396 0.981944 0.108333 0.0361111
0 0.692448 0.243519 0.0401042 0.0703704
0 0.372135 0.0972222 0.0244792 0.0555556
0 0.344792 0.167593 0.0385417 0.062963
0 0.315104 0.0236111 0.01875 0.0361111
0 0.336198 0.111574 0.0463542 0.126852
0 0.291406 0.0824074 0.0223958 0.0388889
0 0.383594 0.123611 0.0244792 0.0435185
0 0.434115 0.235185 0.0401042 0.0740741
0 0.367708 0.0814815 0.01875 0.0444444
0 0.409375 0.181481 0.0447917 0.0685185
0 0.241146 0.159259 0.040625 0.0611111
0 0.471094 0.34537 0.0494792 0.116667
0 0.49974 0.524074 0.0744792 0.198148
