0 0.319792 0.0310185 0.0177083 0.0416667
0 0.692187 0.246296 0.0395833 0.0685185
0 0.354688 0.0486111 0.03125 0.0472222
0 0.349219 0.0356481 0.0244792 0.037963
0 0.322396 0.0462963 0.021875 0.0481481
0 0.291667 0.0916667 0.0229167 0.0444444
0 0.361719 0.0601852 0.0265625 0.0407407
0 0.293229 0.0273148 0.0177083 0.0398148
0 0.448958 0.262037 0.0416667 0.0814815
0 0.332812 0.156481 0.03125 0.0574074
0 0.290885 0.140741 0.0276042 0.0574074
0 0.342187 0.202315 0.0364583 0.062037
0 0.238281 0.158333 0.0359375 0.0611111
0 0.329688 0.0967593 0.0239583 0.0453704
0 0.394792 0.131481 0.0291667 0.0462963
0 0.161458 0.526389 0.186458 0.380556
