0 0.401563 0.159259 0.028125 0.0518519
0 0.338542 0.133796 0.028125 0.0712963
0 0.0330729 0.906018 0.0619792 0.187963
0 0.383333 0.120833 0.025 0.0472222
0 0.341667 0.156019 0.0302083 0.0657407
0 0.439844 0.234722 0.0557292 0.0768519
0 0.370573 0.0986111 0.0276042 0.0601852
0 0.332552 0.10463 0.0234375 0.0444444
0 0.350781 0.0472222 0.0213542 0.0537037
0 0.0375 0.803704 0.0708333 0.372222
0 0.346094 0.221296 0.0380208 0.0722222
0 0.315365 0.0152778 0.0223958 0.025
0 0.23776 0.158796 0.0348958 0.0601852
0 0.297396 0.0976852 0.0270833 0.0453704
0 0.468229 0.322222 0.06875 0.133333
0 0.482552 0.45463 0.0567708 0.159259
0 0.294271 0.199074 0.0322917 0.0611111
0 0.255208 0.545833 0.040625 0.14537
0 0.270312 0.27963 0.0375 0.0685185
0 0.231771 0.409722 0.0697917 0.141667
0 0.343229 0.289352 0.0395833 0.106481
0 0.486458 0.626389 0.06875 0.186111
0 0.328646 0.486574 0.0635417 0.152778
0 0.160417 0.62037 0.107292 0.205556
