0 0.291406 0.0162037 0.0140625 0.0231481
0 0.692708 0.249537 0.040625 0.0601852
0 0.361719 0.0680556 0.0213542 0.0435185
0 0.336719 0.190278 0.0390625 0.0657407
0 0.342448 0.0162037 0.0171875 0.025
0 0.238802 0.161111 0.0338542 0.062963
0 0.320573 0.0384259 0.0213542 0.0490741
0 0.257031 0.348148 0.0526042 0.0944444
0 0.397396 0.146296 0.0302083 0.0518519
0 0.292708 0.113889 0.0291667 0.0537037
0 0.438021 0.235648 0.040625 0.0731481
0 0.210156 0.856481 0.134896 0.287037
0 0.333594 0.324537 0.0536458 0.0990741
0 0.479948 0.444907 0.0526042 0.115741
0 0.141667 0.665741 0.116667 0.222222
