0 0.329167 0.0824074 0.025 0.0740741
0 0.291667 0.0458333 0.0197917 0.0583333
0 0.695312 0.248611 0.0447917 0.0638889
0 0.402083 0.151389 0.0354167 0.0601852
0 0.332552 0.0990741 0.0203125 0.05
0 0.420573 0.230556 0.0276042 0.0648148
0 0.241146 0.862963 0.128125 0.274074
0 0.339844 0.152315 0.0317708 0.0546296
0 0.290885 0.0708333 0.0244792 0.062037
0 0.407292 0.17037 0.0322917 0.062963
0 0.346354 0.205093 0.0354167 0.0787037
0 0.323177 0.0439815 0.0255208 0.0657407
0 0.853646 0.535648 0.176042 0.382407
0 0.239063 0.160185 0.034375 0.0611111
0 0.388542 0.130093 0.0229167 0.0527778
0 0.369792 0.0703704 0.0302083 0.0481481
0 0.352604 0.269444 0.0427083 0.0759259
0 0.453906 0.278241 0.0598958 0.123148
0 0.2875 0.15463 0.034375 0.0648148
0 0.34349 0.373611 0.0505208 0.0990741
0 0.27526 0.27037 0.0421875 0.0740741
0 0.486719 0.398611 0.0567708 0.128704
0 0.491667 0.594907 0.0708333 0.210185
0 0.165104 0.593056 0.114583 0.171296
