0 0.691927 0.245833 0.0390625 0.0675926
0 0.330208 0.0773148 0.0229167 0.0453704
0 0.319792 0.0189815 0.0166667 0.0268519
0 0.323438 0.509722 0.059375 0.126852
0 0.348698 0.0287037 0.0203125 0.0407407
0 0.339583 0.104167 0.028125 0.0601852
0 0.397396 0.127315 0.028125 0.0435185
0 0.376823 0.0972222 0.0234375 0.0351852
0 0.441927 0.250463 0.0401042 0.0638889
0 0.291406 0.0398148 0.0234375 0.0592593
0 0.286458 0.131944 0.034375 0.0546296
0 0.341667 0.1625 0.0291667 0.0583333
0 0.238281 0.156944 0.0328125 0.0601852
0 0.416927 0.172685 0.0328125 0.0564815
0 0.351042 0.25 0.0354167 0.0777778
0 0.244792 0.731944 0.116667 0.282407
0 0.275781 0.249074 0.0536458 0.114815
0 0.476562 0.391204 0.0635417 0.167593
