0 0.672656 0.495313 0.0328125 0.034375
0 0.782031 0.5 0.0453125 0.040625
0 0.686719 0.570312 0.207813 0.09375
0 0.646094 0.502344 0.0546875 0.0359375
0 0.923437 0.8 0.153125 0.29375
0 0.24375 0.571094 0.1 0.0671875
0 0.925781 0.497656 0.129688 0.0515625
0 0.616406 0.603125 0.117188 0.103125
0 0.730469 0.494531 0.0734375 0.0421875
0 0.828125 0.497656 0.078125 0.0421875
0 0.338281 0.61875 0.114063 0.071875
0 0.539062 0.820312 0.51875 0.359375
0 0.489062 0.605469 0.196875 0.120312
0 0.498437 0.503906 0.228125 0.0984375
0 0.121875 0.623438 0.24375 0.096875
0 0.861719 0.582812 0.267188 0.121875
