0 0.417969 0.201389 0.0328125 0.0583333
0 0.385156 0.1375 0.0265625 0.0583333
0 0.36875 0.0916667 0.021875 0.0611111
0 0.348437 0.0319444 0.021875 0.0416667
0 0.239844 0.159722 0.0359375 0.0583333
0 0.320312 0.0375 0.01875 0.0472222
0 0.459375 0.3125 0.053125 0.0861111
0 0.277344 0.258333 0.0390625 0.0722222
0 0.332812 0.123611 0.053125 0.119444
0 0.292188 0.0486111 0.028125 0.0527778
0 0.489062 0.515278 0.090625 0.219444
0 0.342969 0.288889 0.0390625 0.0777778
0 0.238281 0.847222 0.132812 0.3
0 0.211719 0.4875 0.0765625 0.169444
0 0.31875 0.477778 0.0625 0.138889
0 0.0953125 0.8 0.15 0.3
