0 0.292969 0.127778 0.0296875 0.0722222
0 0.333594 0.0944444 0.0234375 0.0444444
0 0.364844 0.0819444 0.0203125 0.0361111
0 0.330469 0.0791667 0.0171875 0.0361111
0 0.254687 0.159722 0.05 0.0694444
0 0.317187 0.211111 0.015625 0.0611111
0 0.225 0.45 0.025 0.105556
0 0.334375 0.1125 0.025 0.0527778
0 0.317969 0.0305556 0.0171875 0.0444444
0 0.238281 0.158333 0.0328125 0.0611111
0 0.285156 0.161111 0.0296875 0.05
0 0.34375 0.205556 0.034375 0.0777778
0 0.483594 0.454167 0.0578125 0.169444
0 0.384375 0.109722 0.021875 0.0416667
0 0.417188 0.184722 0.0375 0.0583333
0 0.260156 0.348611 0.0546875 0.0972222
0 0.296875 0.111111 0.025 0.05
0 0.466406 0.315278 0.0671875 0.147222
0 0.11875 0.7 0.140625 0.25
0 0.351562 0.283333 0.040625 0.0722222
0 0.277344 0.238889 0.0421875 0.0777778
0 0.486719 0.627778 0.0703125 0.188889
0 0.882812 0.518056 0.2 0.308333
0 0.294531 0.540278 0.104687 0.280556
