0 0.304688 0.169444 0.05 0.0777778
0 0.322656 0.025 0.0265625 0.0333333
0 0.291406 0.147222 0.0265625 0.0666667
0 0.373437 0.0833333 0.025 0.0388889
0 0.327344 0.0625 0.0234375 0.0472222
0 0.292969 0.0319444 0.0203125 0.0472222
0 0.292969 0.0916667 0.0265625 0.0555556
0 0.422656 0.209722 0.0390625 0.0694444
0 0.335156 0.104167 0.0234375 0.0472222
0 0.2875 0.190278 0.0375 0.0694444
0 0.396094 0.143056 0.0296875 0.0527778
0 0.2375 0.159722 0.034375 0.0638889
0 0.821875 0.601389 0.1875 0.408333
0 0.3375 0.170833 0.03125 0.0583333
0 0.469531 0.352778 0.0515625 0.116667
0 0.244531 0.4 0.0578125 0.116667
0 0.486719 0.598611 0.0703125 0.186111
0 0.339844 0.281944 0.0421875 0.0861111
0 0.161719 0.620833 0.0921875 0.163889
0 0.303125 0.516667 0.078125 0.15
