0 0.353906 0.0277778 0.0171875 0.0277778
0 0.315625 0.0180556 0.015625 0.0305556
0 0.325 0.0402778 0.021875 0.0472222
0 0.310937 0.0930556 0.0125 0.0361111
0 0.382812 0.1125 0.025 0.0527778
0 0.376563 0.104167 0.025 0.0416667
0 0.388281 0.123611 0.0234375 0.0472222
0 0.359375 0.0666667 0.025 0.0444444
0 0.328906 0.0805556 0.0203125 0.0444444
0 0.289062 0.109722 0.028125 0.0472222
0 0.432813 0.231944 0.04375 0.075
0 0.2375 0.159722 0.034375 0.0638889
0 0.285156 0.234722 0.0421875 0.0916667
0 0.485938 0.4625 0.059375 0.130556
0 0.407813 0.156944 0.03125 0.0527778
0 0.467969 0.327778 0.0453125 0.0944444
0 0.332031 0.161111 0.0296875 0.05
0 0.178906 0.556944 0.0953125 0.180556
0 0.244531 0.715278 0.114063 0.286111
