0 0.321094 0.0416667 0.0140625 0.0444444
0 0.296094 0.1 0.0203125 0.0444444
0 0.329688 0.0847222 0.021875 0.0472222
0 0.334375 0.140278 0.028125 0.0527778
0 0.396094 0.144444 0.0265625 0.05
0 0.373437 0.0944444 0.03125 0.05
0 0.444531 0.243056 0.0484375 0.0916667
0 0.239844 0.156944 0.0359375 0.0638889
0 0.419531 0.186111 0.0328125 0.0666667
0 0.473437 0.384722 0.046875 0.108333
0 0.275 0.261111 0.04375 0.111111
0 0.295312 0.147222 0.03125 0.05
0 0.341406 0.263889 0.0453125 0.0944444
0 0.492188 0.548611 0.065625 0.158333
0 0.155469 0.648611 0.129688 0.297222
0 0.302344 0.515278 0.107813 0.369444
0 0.485156 0.790278 0.0921875 0.258333
