0 0.328906 0.0708333 0.0171875 0.0527778
0 0.289844 0.0777778 0.0265625 0.0833333
0 0.317969 0.025 0.0140625 0.0388889
0 0.347656 0.231944 0.0359375 0.0694444
0 0.239063 0.159722 0.034375 0.0583333
0 0.342187 0.302778 0.040625 0.0888889
0 0.464063 0.3375 0.053125 0.130556
0 0.433594 0.2125 0.0578125 0.102778
0 0.332812 0.106944 0.03125 0.0694444
0 0.290625 0.154167 0.034375 0.0583333
0 0.26875 0.279167 0.04375 0.075
0 0.192969 0.505556 0.101562 0.188889
0 0.503125 0.713889 0.0875 0.277778
0 0.319531 0.431944 0.0703125 0.163889
0 0.482812 0.470833 0.05625 0.141667
0 0.241406 0.745833 0.148438 0.436111
