0 0.330469 0.0847222 0.0328125 0.0527778
0 0.322656 0.0708333 0.0203125 0.0361111
0 0.342969 0.0166667 0.0203125 0.0277778
0 0.340625 0.166667 0.04375 0.0611111
0 0.45 0.2875 0.046875 0.0805556
0 0.4125 0.172222 0.03125 0.05
0 0.238281 0.159722 0.0328125 0.0583333
0 0.338281 0.111111 0.0390625 0.0666667
0 0.383594 0.108333 0.0265625 0.0444444
0 0.359375 0.0430556 0.021875 0.0361111
0 0.430469 0.229167 0.0390625 0.0694444
0 0.473437 0.359722 0.053125 0.102778
0 0.34375 0.376389 0.05 0.0972222
0 0.489844 0.548611 0.0671875 0.163889
0 0.176563 0.566667 0.1 0.177778
