0 0.301562 0.0416667 0.034375 0.0611111
0 0.346094 0.0180556 0.0203125 0.0305556
0 0.325 0.0666667 0.028125 0.05
0 0.3625 0.05 0.025 0.0444444
0 0.332812 0.108333 0.028125 0.0555556
0 0.323438 0.0472222 0.021875 0.0555556
0 0.328906 0.0847222 0.0265625 0.0472222
0 0.3375 0.130556 0.03125 0.0611111
0 0.346094 0.190278 0.0296875 0.0638889
0 0.29375 0.0402778 0.01875 0.0472222
0 0.289844 0.104167 0.0265625 0.0527778
0 0.447656 0.293056 0.0453125 0.0916667
0 0.407031 0.1875 0.0390625 0.075
0 0.238281 0.156944 0.0328125 0.0638889
0 0.377344 0.0791667 0.0296875 0.0527778
0 0.338281 0.295833 0.0421875 0.108333
0 0.230469 0.869444 0.123438 0.238889
0 0.389844 0.126389 0.0296875 0.0472222
0 0.251563 0.330556 0.053125 0.0944444
0 0.139062 0.658333 0.125 0.216667
0 0.485156 0.426389 0.0546875 0.130556
0 0.339063 0.404167 0.05 0.119444
0 0.322656 0.559722 0.0765625 0.163889
