0 0.36875 0.0805556 0.025 0.0555556
0 0.389844 0.138889 0.0390625 0.0777778
0 0.382812 0.1125 0.03125 0.0527778
0 0.321875 0.0277778 0.01875 0.0333333
0 0.361719 0.0611111 0.0234375 0.0388889
0 0.292969 0.0277778 0.0171875 0.0388889
0 0.372656 0.0930556 0.0265625 0.0472222
0 0.326562 0.0736111 0.025 0.0472222
0 0.238281 0.161111 0.0328125 0.0611111
0 0.395312 0.158333 0.0375 0.0555556
0 0.303906 0.470833 0.110937 0.391667
0 0.330469 0.122222 0.0265625 0.05
0 0.196875 0.497222 0.078125 0.155556
0 0.344531 0.208333 0.0359375 0.0666667
0 0.291406 0.0902778 0.0296875 0.0638889
0 0.478906 0.418056 0.0546875 0.125
0 0.285937 0.205556 0.05625 0.111111
0 0.135937 0.6875 0.11875 0.258333
