0 0.450781 0.263889 0.0453125 0.0777778
0 0.491406 0.622222 0.0734375 0.205556
0 0.320312 0.0361111 0.025 0.0555556
0 0.803125 0.725 0.13125 0.238889
0 0.360156 0.0541667 0.0203125 0.0361111
0 0.325781 0.0736111 0.0234375 0.0416667
0 0.291406 0.0930556 0.0265625 0.0416667
0 0.239063 0.1625 0.034375 0.0638889
0 0.275781 0.234722 0.0359375 0.0638889
0 0.340625 0.205556 0.034375 0.0777778
0 0.396875 0.156944 0.034375 0.0472222
0 0.214062 0.797222 0.175 0.4
0 0.179688 0.547222 0.1 0.183333
0 0.302344 0.520833 0.0828125 0.163889
