0 0.324219 0.0291667 0.0171875 0.0361111
0 0.314844 0.0166667 0.0140625 0.0277778
0 0.289844 0.0625 0.0203125 0.0638889
0 0.239063 0.158333 0.034375 0.0611111
0 0.347656 0.220833 0.0328125 0.0694444
0 0.275 0.234722 0.0375 0.0694444
0 0.342187 0.293056 0.040625 0.0694444
0 0.429688 0.202778 0.053125 0.1
0 0.292188 0.123611 0.028125 0.0527778
0 0.848437 0.65 0.125 0.2
0 0.460938 0.323611 0.059375 0.125
0 0.329688 0.0833333 0.028125 0.0666667
0 0.328125 0.386111 0.071875 0.144444
0 0.501562 0.688889 0.0875 0.272222
0 0.482031 0.452778 0.0578125 0.133333
0 0.219531 0.427778 0.0921875 0.161111
0 0.271875 0.6375 0.121875 0.358333
