0 0.291406 0.0486111 0.0203125 0.0583333
0 0.421875 0.225 0.028125 0.0611111
0 0.396875 0.147222 0.0375 0.0611111
0 0.332812 0.101389 0.01875 0.0472222
0 0.405469 0.170833 0.0328125 0.0638889
0 0.240625 0.8625 0.128125 0.275
0 0.291406 0.0694444 0.0234375 0.0611111
0 0.340625 0.152778 0.03125 0.0555556
0 0.346094 0.205556 0.0359375 0.0777778
0 0.322656 0.0444444 0.0265625 0.0666667
0 0.853906 0.534722 0.179688 0.386111
0 0.389062 0.131944 0.025 0.0527778
0 0.369531 0.0694444 0.0296875 0.05
0 0.2375 0.156944 0.034375 0.0638889
0 0.453906 0.279167 0.0578125 0.119444
0 0.352344 0.270833 0.0421875 0.075
0 0.2875 0.154167 0.034375 0.0638889
0 0.275781 0.269444 0.0421875 0.0722222
0 0.34375 0.373611 0.05 0.0972222
0 0.486719 0.398611 0.0578125 0.130556
0 0.491406 0.595833 0.0703125 0.208333
0 0.164062 0.593056 0.11875 0.175
