0 0.4 0.133333 0.0375 0.0555556
0 0.3875 0.115278 0.028125 0.0472222
0 0.292969 0.0319444 0.0171875 0.0361111
0 0.43125 0.25 0.05 0.0833333
0 0.376563 0.1 0.025 0.0444444
0 0.314844 0.0236111 0.0171875 0.0361111
0 0.367969 0.0791667 0.0234375 0.0527778
0 0.296094 0.0666667 0.0234375 0.0444444
0 0.41875 0.208333 0.046875 0.0777778
0 0.2875 0.126389 0.03125 0.0527778
0 0.45625 0.322222 0.05 0.0833333
0 0.404687 0.15 0.040625 0.0611111
0 0.238281 0.158333 0.0359375 0.0611111
0 0.285937 0.216667 0.034375 0.0611111
0 0.346875 0.305556 0.04375 0.0944444
0 0.346875 0.172222 0.03125 0.0611111
0 0.267969 0.669444 0.107813 0.255556
0 0.332031 0.0916667 0.0328125 0.0833333
0 0.489062 0.455556 0.075 0.205556
